-0.0015166998
0.0
0.0020182133
0.0037252903
0.004224658
0.0029459
0.0
-0.0037044287
-0.0066883564
-0.0074440241
-0.0051096678
0.0
0.0062750578
0.011237383
0.012434721
0.0085066557
0.0
-0.010457873
-0.018820047
-0.020999908
-0.014544964
0.0
0.018618941
0.034557581
0.040173888
0.029396176
0.0
-0.04509747
-0.098057628
-0.14791012
-0.18343973
0.78523338
-0.18343973
-0.14791012
-0.098057628
-0.04509747
0.0
0.029396176
0.040173888
0.034557581
0.018618941
0.0
-0.014544964
-0.020999908
-0.018820047
-0.010457873
0.0
0.0085066557
0.012434721
0.011237383
0.0062750578
0.0
-0.0051096678
-0.0074440241
-0.0066883564
-0.0037044287
0.0
0.0029459
0.004224658
0.0037252903
0.0020182133
0.0
-0.0015166998
