7.0
3.0
8.0
14.0
1.0
8.0
2.0
4.0
14.0
11.0
6.0
13.0
3.0
0.0
11.0
6.0
5.0
9.0
8.0
6.0
11.0
12.0
11.0
4.0
7.0
7.0
14.0
5.0
7.0
1.0
7.0
5.0
7.0
2.0
0.0
8.0
9.0
5.0
6.0
1.0
7.0
13.0
5.0
3.0
8.0
7.0
3.0
7.0
2.0
15.0
12.0
13.0
0.0
5.0
15.0
6.0
4.0
0.0
6.0
0.0
13.0
3.0
11.0
3.0
112.0
100.0
109.0
113.0
104.0
111.0
102.0
109.0
101.0
101.0
100.0
106.0
110.0
108.0
113.0
104.0
109.0
107.0
106.0
101.0
111.0
110.0
113.0
106.0
103.0
115.0
114.0
112.0
104.0
105.0
105.0
103.0
115.0
106.0
114.0
103.0
109.0
101.0
112.0
104.0
101.0
113.0
114.0
112.0
101.0
111.0
115.0
107.0
102.0
112.0
114.0
112.0
105.0
103.0
114.0
113.0
115.0
111.0
114.0
115.0
104.0
112.0
111.0
111.0
108.0
110.0
104.0
103.0
101.0
115.0
114.0
109.0
101.0
111.0
109.0
113.0
104.0
109.0
103.0
106.0
105.0
103.0
112.0
104.0
105.0
108.0
110.0
103.0
114.0
113.0
114.0
101.0
104.0
102.0
106.0
103.0
114.0
107.0
104.0
105.0
104.0
114.0
115.0
102.0
109.0
102.0
108.0
103.0
111.0
109.0
100.0
111.0
108.0
106.0
108.0
102.0
104.0
102.0
109.0
115.0
108.0
112.0
106.0
112.0
113.0
114.0
114.0
105.0
110.0
2.0
6.0
1.0
9.0
5.0
7.0
5.0
0.0
11.0
3.0
5.0
15.0
3.0
14.0
12.0
6.0
12.0
10.0
13.0
9.0
8.0
4.0
11.0
6.0
0.0
14.0
6.0
6.0
8.0
12.0
7.0
3.0
5.0
2.0
15.0
9.0
12.0
13.0
11.0
15.0
12.0
2.0
10.0
8.0
15.0
5.0
1.0
5.0
13.0
11.0
15.0
13.0
2.0
1.0
13.0
0.0
1.0
14.0
8.0
8.0
9.0
6.0
3.0
