3.8959279
4.0228014
4.7304392
5.4421921
4.8136272
5.5031624
5.3356113
5.7276249
6.6504889
6.6296115
6.4056911
6.9390159
6.3016081
6.1606584
7.0047197
6.7774372
6.8140373
7.1955309
7.2323017
7.1928639
7.6122274
7.7210951
7.6285529
7.1008067
7.2534323
7.2230835
7.6342182
6.9316788
6.9511328
6.4697142
6.8359694
6.6992955
6.8429661
6.5463324
6.5183835
7.2318344
7.4940677
7.4169092
7.6954098
7.6291857
8.3688393
9.1329374
8.952981
9.2186127
10.032792
10.50827
10.858897
11.849861
12.36493
14.190086
15.00078
16.115059
16.409964
18.122904
20.382683
21.551081
23.434677
25.540319
28.727041
31.569601
36.163403
39.733337
45.084225
50.043758
63.155861
67.833244
73.248726
77.713287
80.735237
84.341736
86.472198
89.325371
90.889709
92.773514
94.447922
96.460678
98.178093
99.309402
100.72302
101.0424
102.18398
102.76634
103.3356
103.60728
104.86302
105.32167
105.94678
105.82093
105.94189
107.05288
107.20946
107.18228
106.69408
106.81647
106.90881
106.91023
107.85648
107.36267
107.95569
107.25327
107.68931
107.22694
108.06326
107.6418
107.59785
108.60924
108.85471
108.8208
108.16762
108.95493
109.33072
108.85528
108.60046
109.40102
109.65515
109.58171
109.15258
109.11011
109.98923
110.04675
110.23903
109.97128
110.12267
110.07982
109.19911
109.59874
109.39299
109.22104
108.82983
108.76594
108.18001
107.98122
107.80888
108.75813
108.65841
108.21331
107.56667
108.16228
107.95721
108.10854
107.36001
107.54648
107.0195
107.12679
107.00421
106.85491
107.46196
106.92546
107.00371
107.24274
107.40574
106.95992
107.70981
107.59737
107.51346
106.43871
106.46109
106.21492
106.41901
106.19308
106.89917
106.35347
106.04621
106.0255
105.8981
106.4921
106.38951
105.25818
105.43503
104.67321
104.77164
104.12491
104.31078
103.75218
102.66238
102.87013
102.05769
101.20164
100.50992
99.184433
98.30867
97.081276
96.328552
95.287048
93.081024
91.296097
88.516457
86.174606
83.059082
79.408913
75.078537
69.490639
64.143646
50.915283
45.560413
40.349476
36.653713
32.701763
29.619486
26.691132
23.962616
22.662004
20.382145
19.03768
18.443888
16.536594
16.308525
15.309178
14.118925
13.823652
13.060946
12.665398
11.826376
11.225325
10.494368
10.566882
9.8816624
9.2032576
9.9391975
9.227622
9.0736828
9.0996313
9.270216
8.8295546
8.4840641
8.6115036
8.4909334
9.4862728
9.195653
9.4710274
9.5762405
9.4328156
9.6364059
9.3067169
8.4914341
8.9170685
8.6983662
9.0546341
8.2422352
7.8627329
8.1057796
8.6542873
8.5001917
8.6764574
8.3648024
7.407876
7.1725187
7.8598852
6.8929634
6.9241309
7.8110867
7.4000254
7.3532505
7.3574266
7.0822706
6.8264418
