-0.00018958747
-0.00016588904
0.00010712375
0.0005593946
0.0010175526
0.001258596
0.0011012715
0.00050055899
-0.00039805542
-0.0012788015
-0.0017576597
-0.0015379522
-0.00056132593
0.00091351266
0.0023536636
0.0031227875
0.002732439
0.0010836499
-0.0014043122
-0.0038537616
-0.005190162
-0.0045413915
-0.0016463501
0.0028791414
0.007540985
0.010272884
0.0089887735
0.0022279928
-0.01030771
-0.027508011
-0.046999477
0.057029631
0.02697096
0.0051108263
-0.0077852304
-0.012449261
-0.010893103
-0.0058569424
-0.00010308856
0.0042294953
0.0060281763
0.0052746544
0.0027972022
-0.00017743651
-0.002507763
-0.0035015268
-0.0030638359
-0.0016175245
0.00013900618
0.0015263032
0.0021198974
0.0018549103
0.000984338
-6.9207279E-005
-0.00089660089
-0.0012475793
-0.0010916319
-0.00058694044
1.4509365E-005
0.00047835699
0.00067083898
0.0005869841
0.0003240236
